g=20
========== 1
ts =
                   0
   0.015755074590352
   0.031510149180703
   0.047265223771055
   0.084347097865292
   0.121428971959530
   0.158510846053767
   0.195592720148004
   0.270768622993691
   0.345944525839377
   0.421120428685063
   0.496296331530749
   0.596296331530749
   0.696296331530749
   0.796296331530749
   0.896296331530749
   1.000000000000000

xs =
   5.402747199742868   0.833300961451642
   5.318743380806475   0.833827245529417
   5.236013848950307   0.833698895307094
   5.154566138081309   0.833055725452516
   4.967262558195312   0.830322328325922
   4.786489669178045   0.826256708656425
   4.612215818883245   0.821417299122865
   4.444274956021943   0.816146410385654
   4.122123041948110   0.804778587148576
   3.823301052806412   0.792704388939363
   3.546154050229416   0.780069352458558
   3.289105846897750   0.766896958413037
   2.975988518814643   0.748517443097066
   2.692799889798265   0.729203675267621
   2.436591971119535   0.708999166314276
   2.204752546131915   0.687941453275792
   1.987590872840411   0.665270390924831

========== 1.5
ts =
                   0
   0.017836839747964
   0.035673679495929
   0.053510519243893
   0.093890276990231
   0.134270034736569
   0.174649792482906
   0.215029550229244
   0.301477100989536
   0.387924651749828
   0.474372202510121
   0.560819753270413
   0.710819753270413
   0.860819753270413
   1.010819753270413
   1.160819753270413
   1.310819753270413
   1.460819753270413
   1.500000000000000

xs =
   8.906225276765046   0.908370906731584
   8.749722078900533   0.904181998927803
   8.595901979572448   0.900656851084977
   8.444775543743770   0.897625721285407
   8.111246111395982   0.891753468067282
   7.790336220579436   0.886839983736313
   7.481962322769546   0.882337323661613
   7.185770558326658   0.877933257425296
   6.589949715971881   0.868236316569479
   6.043471619992828   0.858044353956642
   5.542341545012759   0.847202749053099
   5.082787593999021   0.835671370333073
   4.374593986855486   0.813970056791398
   3.765475087788909   0.790116998463654
   3.241239501789466   0.764187023612547
   2.789932625881719   0.736142007012895
   2.401422823047281   0.706011614820362
   2.067008532557123   0.673948794248374
   1.987564287396621   0.665279233960507

========== 2
ts =
                   0
   0.009732905357608
   0.019465810715215
   0.029198716072823
   0.054239202374811
   0.079279688676799
   0.104320174978787
   0.129360661280775
   0.174361051063278
   0.219361440845781
   0.264361830628284
   0.309362220410787
   0.354362610193291
   0.492970212940162
   0.631577815687034
   0.770185418433906
   0.908793021180778
   1.108793021180778
   1.308793021180778
   1.508793021180778
   1.708793021180778
   1.908793021180778
   2.000000000000000

xs =
  14.703582975617424   0.905850341087204
  14.561640229803665   0.910360746167190
  14.421034347576393   0.914035771741594
  14.281780921199877   0.916993252241433
  13.929001656559334   0.922395096087237
  13.584613104923543   0.925126037443026
  13.248645243722503   0.926090814724796
  12.920971719081543   0.925960981311486
  12.352357536346608   0.924110447164735
  11.808817027708400   0.921429115453619
  11.289212941502146   0.918414721491403
  10.792468071921006   0.915142170276273
  10.317573794180777   0.911636897620506
   8.978513227710238   0.899826657455549
   7.812531374843148   0.886538451444626
   6.798086611929560   0.871768982206323
   5.915502263118727   0.855408184498115
   4.842339233035776   0.828838907864082
   3.965319981427889   0.798595354202621
   3.247406254473451   0.764554285906941
   2.659272836118951   0.726719566986172
   2.177503699489540   0.685287956728652
   1.987550777222950   0.665283722872855

========== 2.5
ts =
                   0
   0.006661770828321
   0.013323541656642
   0.019985312484962
   0.038982821592281
   0.057980330699599
   0.076977839806917
   0.095975348914236
   0.131421671040024
   0.166867993165813
   0.202314315291602
   0.237760637417391
   0.273206959543180
   0.356329914711705
   0.439452869880231
   0.522575825048756
   0.605698780217282
   0.754823439612998
   0.903948099008713
   1.053072758404429
   1.202197417800144
   1.430641508157822
   1.659085598515499
   1.887529688873176
   2.115973779230854
   2.344417869588531
   2.500000000000000

xs =
  24.252130667615070   0.895888140472767
  24.091471715079233   0.903360035913984
  23.931851112691575   0.909927675050119
  23.773284039653209   0.915677470361969
  23.326267962816782   0.928837173503556
  22.887375115767203   0.937751466404817
  22.456657961440612   0.943572434643015
  22.034033616403132   0.947247108036369
  21.266639247274391   0.950361715689376
  20.526015845184997   0.951050193474622
  19.811202884837240   0.950669061421365
  19.121279765383854   0.949695055464599
  18.455376736065741   0.948329295940265
  16.981856896475215   0.944424527071442
  15.625727892277276   0.939890903287916
  14.377933577243031   0.934989542482362
  13.229827885992885   0.929744515794437
  11.390460384126534   0.919305915171388
   9.806422353766646   0.907472144987904
   8.442912241390198   0.894110055535734
   7.269154844104852   0.879080106408982
   5.783645330304342   0.852584692388364
   4.604106850194149   0.821546683979090
   3.665458247767132   0.785648720248643
   2.917778045682224   0.744751236651768
   2.322345284373721   0.699008916955136
   1.987544811607590   0.665285703956896

========== 3
ts =
                   0
   0.005345302198396
   0.010690604396792
   0.016035906595188
   0.032129543337511
   0.048223180079833
   0.064316816822156
   0.080410453564478
   0.110799199378368
   0.141187945192258
   0.171576691006148
   0.201965436820038
   0.232354182633929
   0.283740757609974
   0.335127332586019
   0.386513907562064
   0.437900482538109
   0.578324149630724
   0.718747816723339
   0.859171483815954
   0.999595150908569
   1.237913424233628
   1.476231697558687
   1.714549970883746
   1.952868244208805
   2.191186517533863
   2.433765765490299
   2.676345013446735
   2.918924261403171
   3.000000000000000

xs =
  39.909911125328541   1.098658992823383
  39.697538560570067   1.086459603446785
  39.486268549965082   1.075414481403676
  39.276118613147155   1.065437468372465
  38.649483504671025   1.040221080800302
  38.032527936396875   1.021583073360489
  37.425327883951439   1.007974867770454
  36.827807401950217   0.998056122098507
  35.725435198145412   0.986271189853057
  34.656109636398725   0.979556126790507
  33.618811150590496   0.975358255171324
  32.612556653465113   0.972549507038571
  31.636413412688746   0.970580566422510
  30.051196956825130   0.968127043247512
  28.545303888538406   0.966228945080328
  27.114874675688412   0.964454918295737
  25.756137559805907   0.962640859512415
  22.371672028415748   0.957213935821341
  19.430603092403800   0.951057853328633
  16.876591460954181   0.944065439962736
  14.658640506150929   0.936141326193345
  11.549497196702744   0.920309570532758
   9.104679557270575   0.901023937582354
   7.177826893948910   0.877708372274186
   5.657795027885186   0.849795863998128
   4.459084049629912   0.816817770930077
   3.499485925515949   0.777749552385132
   2.746539558763590   0.733082640311088
   2.155652015957231   0.683103590170654
   1.987540487212147   0.665287139613100

========== 3.5
ts =
                   0
   0.002873054894764
   0.005746109789528
   0.008619164684292
   0.020056783010555
   0.031494401336819
   0.042932019663083
   0.054369637989347
   0.078917587744890
   0.103465537500433
   0.128013487255976
   0.152561437011519
   0.177109386767063
   0.210592635151688
   0.244075883536313
   0.277559131920938
   0.311042380305563
   0.344525628690188
   0.423057959572022
   0.501590290453856
   0.580122621335690
   0.658654952217524
   0.807918848187258
   0.957182744156992
   1.106446640126725
   1.255710536096459
   1.485330963621142
   1.714951391145826
   1.944571818670509
   2.174192246195192
   2.403812673719876
   2.646170020158674
   2.888527366597473
   3.130884713036272
   3.373242059475070
   3.500000000000000

xs =
  65.840521823101668   0.709876842154902
  65.651815910654989   0.724914296673088
  65.463637667252812   0.739145349129179
  65.275996741532765   0.752596109358205
  64.533905422269612   0.799897336965987
  63.800046009902950   0.837773659880165
  63.074472390843766   0.867869328351217
  62.357141213878073   0.891718412667783
  60.844987678576153   0.926987502047891
  59.369545053068762   0.948215337606389
  57.929900259876305   0.961238020341880
  56.525162980789268   0.969237930690408
  55.154482606050699   0.974026376311255
  53.338313259099102   0.977338646985320
  51.581948518393986   0.978722099236843
  49.883418779803137   0.979163499572179
  48.240819371139018   0.979093660436446
  46.652308605290017   0.978719826190613
  43.125584057384373   0.977343937072534
  39.864917627267367   0.975554101588871
  36.850866215642029   0.973587400548531
  34.064794523859412   0.971484989250233
  29.324670902550096   0.967025182328536
  25.242946152106100   0.961896713905092
  21.729994000653175   0.956007575383235
  18.706378260760339   0.949257453607221
  14.866132193144812   0.936968509421272
  11.820483638232954   0.921990788758212
   9.399641282726355   0.903834648140738
   7.473546468025985   0.881981118551162
   5.941440857767176   0.855935324119773
   4.664012050164155   0.823441467945403
   3.661425256016083   0.785467364042847
   2.874371625452568   0.741889267679601
   2.256453541695076   0.692914345074949
   1.987536833036607   0.665288352561323

========== 4
ts =
                   0
   0.006040143945773
   0.012080287891546
   0.018120431837319
   0.035882112709562
   0.053643793581805
   0.071405474454048
   0.089167155326292
   0.122763316355126
   0.156359477383961
   0.189955638412795
   0.223551799441630
   0.257147960470465
   0.327313853825371
   0.397479747180278
   0.467645640535184
   0.537811533890091
   0.687357263650271
   0.836902993410451
   0.986448723170631
   1.135994452930811
   1.367912401970816
   1.599830351010822
   1.831748300050828
   2.063666249090834
   2.295584198130840
   2.537872305600912
   2.780160413070984
   3.022448520541056
   3.264736628011129
   3.507024735481201
   3.763084109472617
   4.000000000000000

xs = 1.0e+02 *
   1.084888100643771   0.009109851893894
   1.078368452094047   0.009196874477970
   1.071887028526447   0.009274527825440
   1.065444411671829   0.009343616146792
   1.046700899543103   0.009510427947938
   1.028276385402808   0.009628673616565
   1.010173056670540   0.009710823462766
   0.992387956804307   0.009767345955285
   0.959599454890547   0.009827545405301
   0.927896001250769   0.009856017281997
   0.897240674044500   0.009870004976267
   0.867597995641991   0.009876161782028
   0.838934389751894   0.009877449931319
   0.782046801370797   0.009873540188573
   0.729009745086986   0.009864944613200
   0.679570378173927   0.009855018695402
   0.633484976753294   0.009844548607346
   0.545184102723798   0.009819839348001
   0.469163442936257   0.009791704903187
   0.403755274173003   0.009759097597668
   0.347475196655669   0.009721294371451
   0.275509828777799   0.009650068205514
   0.218567365950549   0.009562332281223
   0.173408997697992   0.009454661494685
   0.137560586357012   0.009322304971124
   0.109109858517506   0.009160420431096
   0.085656027021038   0.008954520496103
   0.067247254054196   0.008705383675565
   0.052795393447111   0.008407469911657
   0.041448623147371   0.008056270448858
   0.032539961282272   0.007649235902037
   0.025191475407015   0.007158452669420
   0.019875462758419   0.006652852177692

========== 4.5
ts =
                   0
   0.001083985107309
   0.002167970214619
   0.003251955321928
   0.014091806395023
   0.022551990353071
   0.031012174311119
   0.039472358269167
   0.047932542227215
   0.061309774876828
   0.074687007526441
   0.088064240176054
   0.101441472825667
   0.114818705475280
   0.136004579191387
   0.157190452907494
   0.178376326623600
   0.199562200339707
   0.220748074055814
   0.255348721187527
   0.289949368319239
   0.324550015450952
   0.359150662582664
   0.393751309714376
   0.473415018110582
   0.553078726506787
   0.632742434902993
   0.712406143299198
   0.861639234386835
   1.010872325474471
   1.160105416562107
   1.309338507649743
   1.538667067744515
   1.767995627839286
   1.997324187934058
   2.226652748028830
   2.455981308123601
   2.698346769816544
   2.940712231509487
   3.183077693202430
   3.425443154895373
   3.667808616588316
   3.923148011759249
   4.178487406930182
   4.433826802101114
   4.500000000000000

xs = 1.0e+02 *
   1.789516595903319   0.002670865761952
   1.787578559393371   0.002825661401807
   1.785642570610367   0.002977240428917
   1.783708670560138   0.003125601843608
   1.764480338045532   0.004457988409706
   1.749615716826684   0.005315311850430
   1.734875945761393   0.006038584748012
   1.720260291238869   0.006648573898964
   1.705767775581458   0.007163044073560
   1.683101124918055   0.007814800405784
   1.660735804572861   0.008311906836490
   1.638667716723607   0.008692275719183
   1.616892864225166   0.008983679506059
   1.595407346858217   0.009206764564534
   1.561962805261711   0.009455975842722
   1.529219369146660   0.009618764955692
   1.497162332285305   0.009725757125735
   1.465777304209483   0.009795929590891
   1.435050199418399   0.009841524607087
   1.386245947282363   0.009882243006151
   1.339101514246155   0.009901570137139
   1.293560375667436   0.009910808283582
   1.249568004573864   0.009914533102488
   1.207071749947117   0.009914963743751
   1.114556808526757   0.009911229962563
   1.029117876489874   0.009904010172942
   0.950230569991300   0.009895873742931
   0.877392982711536   0.009887279581676
   0.755326444051966   0.009869317268582
   0.650212651315001   0.009848856014606
   0.559743093571313   0.009825089642023
   0.481872867459793   0.009797478132147
   0.383060298198455   0.009745826133781
   0.304670254732744   0.009682087699078
   0.242343759551564   0.009603632584780
   0.192740716124971   0.009506750512836
   0.153272739865353   0.009387508617573
   0.120317771084429   0.009232581649328
   0.094453325834713   0.009042564039518
   0.074149229528957   0.008811574335796
   0.058208516633719   0.008533855473205
   0.045693986788775   0.008204429523100
   0.035400481466644   0.007797419934585
   0.027418747079767   0.007327668764853
   0.021234804284876   0.006798558782726
   0.019875720957740   0.006652766380140

========== 5
ts =
                   0
   0.000422476944708
   0.000844953889415
   0.001267430834123
   0.003204984015574
   0.005142537197025
   0.007080090378475
   0.009017643559926
   0.013074569056436
   0.017131494552946
   0.021188420049455
   0.025245345545965
   0.029302271042475
   0.042899958548352
   0.056497646054229
   0.070095333560105
   0.083693021065982
   0.097290708571859
   0.110888396077736
   0.132945459985966
   0.155002523894195
   0.177059587802425
   0.199116651710654
   0.221173715618884
   0.243230779527114
   0.279313239757837
   0.315395699988561
   0.351478160219284
   0.387560620450008
   0.423643080680732
   0.459725540911455
   0.564903844764408
   0.655562833319257
   0.746221821874105
   0.836880810428954
   0.927539798983802
   1.018198787538651
   1.190567586076486
   1.362936384614321
   1.535305183152156
   1.707673981689991
   1.880042780227826
   2.131486052503268
   2.382929324778709
   2.634372597054150
   2.885815869329592
   3.137259141605033
   3.388702413880475
   3.640145686155916
   3.899336344280852
   4.158527002405789
   4.417717660530725
   4.676908318655661
   4.936098976780597
   5.000000000000000

xs = 1.0e+02 *
   2.941450878172879  -0.000588723360653
   2.940208625881429  -0.000500185498998
   2.938966885439002  -0.000412372463187
   2.937725667425322  -0.000325293600926
   2.932039481150393   0.000065475109161
   2.926364070315324   0.000441724563743
   2.920699577070714   0.000803758034797
   2.915046037497498   0.001152036141855
   2.903243830034479   0.001838892529410
   2.891489438454327   0.002472081795910
   2.879782653803014   0.003055875721008
   2.868123264577013   0.003594176590087
   2.856511075013626   0.004090533031590
   2.817931911704268   0.005489508683687
   2.779873768205748   0.006555774400250
   2.742329720328288   0.007367745676968
   2.705292789198914   0.007985768073929
   2.668756058149585   0.008456297694640
   2.632712754094048   0.008814678307631
   2.575278548514560   0.009224917966020
   2.519097314154528   0.009489010443352
   2.464141731751453   0.009657659620295
   2.410385045151650   0.009764828706954
   2.357801085950516   0.009833138313275
   2.306364271146673   0.009876849657161
   2.224628435033563   0.009918217115816
   2.145789254001455   0.009937604211752
   2.069744081002230   0.009944842502120
   1.996393895682327   0.009946497856472
   1.925643185406402   0.009946358471047
   1.857399825941594   0.009945602152036
   1.671963369712695   0.009945850887487
   1.527050893760721   0.009941679220264
   1.394704909658319   0.009931588147854
   1.273833163914952   0.009921834116236
   1.163437537199595   0.009914209478681
   1.062608760439151   0.009906815153005
   0.894452024777748   0.009890004463881
   0.752932693146927   0.009868896019273
   0.633792390102240   0.009844286527866
   0.533489328860676   0.009815698749856
   0.449054952232106   0.009781925543591
   0.349387591506982   0.009721654541667
   0.271874211112398   0.009645179089598
   0.211533643792813   0.009548548082346
   0.164561778971413   0.009427087503888
   0.128013701458690   0.009275385025054
   0.099585237459325   0.009087409459870
   0.077472833678829   0.008856720812885
   0.059792505719406   0.008567191977687
   0.046132568112096   0.008218613387430
   0.035589036325040   0.007806614398002
   0.027457825190186   0.007330399206364
   0.021186682441274   0.006793544723278
   0.019875723857474   0.006652765415915

