========== 1
ts1 =
                   0
   0.015755808776938
   0.031511617553877
   0.047267426330815
   0.084350800711985
   0.121434175093154
   0.158517549474324
   0.195600923855493
   0.270781507429350
   0.345962091003207
   0.421142674577064
   0.496323258150920
   0.596323258150920
   0.696323258150920
   0.796323258150920
   0.896323258150920
   1.000000000000000

xs1 =
   5.402747487325370   0.833301957531631
   5.318739800704224   0.833827993838481
   5.236006518439042   0.833699407125651
   5.154555174241084   0.833056014722638
   4.967244568778066   0.830322162360358
   4.786465156364955   0.826256164031655
   4.612185274749391   0.821416428239375
   4.444238851285975   0.816145242890750
   4.122070205048628   0.804776583353536
   3.823234094169413   0.792701515272406
   3.546075297208937   0.780065550594450
   3.289017362976737   0.766892160924154
   2.975908438946970   0.748512384770582
   2.692727426345601   0.729198362084684
   2.436526403928477   0.708993613245737
   2.204693218986335   0.687935675917145
   1.987590874375256   0.665270390411828

========== 2
ts2 =
                   0
   0.009732905765971
   0.019465811531941
   0.029198717297912
   0.054239204744441
   0.079279692190971
   0.104320179637500
   0.129360667084030
   0.174361058595039
   0.219361450106049
   0.264361841617058
   0.309362233128068
   0.354362624639078
   0.492970227353055
   0.631577830067032
   0.770185432781009
   0.908793035494986
   1.108793035494986
   1.308793035494986
   1.508793035494986
   1.708793035494986
   1.908793035494986
   2.000000000000000

xs2 =
  14.703582975020431   0.905850344721635
  14.561640223305469   0.910360749352493
  14.421034335288207   0.914035774517010
  14.281780903233688   0.916993254645180
  13.929001623128649   0.922395097690604
  13.584613056775657   0.925126038422780
  13.248645181597674   0.926090815231128
  12.920971643699371   0.925960981461076
  12.352357442925603   0.924110446895426
  11.808816917986933   0.921429114911949
  11.289212817097132   0.918414720731157
  10.792467934336646   0.915142169315501
  10.317573644817182   0.911636896465217
   8.978513098025619   0.899826656144125
   7.812531262266902   0.886538449993592
   6.798086514201304   0.871768980600988
   5.915502178276268   0.855408182725230
   4.842339163585822   0.828838905829207
   3.965319924556046   0.798595351895596
   3.247406207897952   0.764554283325293
   2.659272797978709   0.726719564137912
   2.177503668259086   0.685287953635430
   1.987550777171796   0.665283722867079

========== 3
ts3 =
                   0
   0.009727149437361
   0.019454298874723
   0.029181448312084
   0.054192207632422
   0.079202966952760
   0.104213726273097
   0.129224485593435
   0.174198186118974
   0.219171886644513
   0.264145587170052
   0.309119287695591
   0.354092988221130
   0.492700853745758
   0.631308719270387
   0.769916584795016
   0.908524450319645
   1.152343403964891
   1.396162357610137
   1.639981311255383
   1.883800264900630
   2.127619218545876
   2.371438172191122
   2.620560739998845
   2.869683307806567
   3.000000000000000

xs3 =
  39.889414290186352   0.943684721559452
  39.504563072623128   0.948774973818476
  39.123334384609500   0.952995310275546
  38.745770496870023   0.956468857864677
  37.789819215833774   0.963108936101920
  36.856577709297511   0.966980964735981
  35.946128108954355   0.969029510354206
  35.058129200444235   0.969955665852007
  33.516218140492185   0.969983252595486
  32.042259887608104   0.969211715138446
  30.633174157492252   0.968163977187331
  29.286043147965501   0.966920547724569
  27.998134774478892   0.965509791985543
  24.364406173647300   0.960613054696536
  21.200351277684145   0.955012463431269
  18.447514337825169   0.948604260555177
  16.052499723672252   0.941361950747393
  12.578735400065106   0.926342632092409
   9.862222415100403   0.907928261169855
   7.732791184704276   0.885481740768370
   6.061981385807969   0.858391607236554
   4.751510779452680   0.826130292618583
   3.724308931013869   0.788326699305501
   2.904024106183892   0.743849033863269
   2.264508779716587   0.693669369785910
   1.987535035246158   0.665288949144867

========== 4
ts4 =
                   0
   0.004518125045266
   0.009036250090532
   0.013554375135797
   0.028275359388842
   0.042996343641886
   0.057717327894931
   0.072438312147975
   0.101600154317627
   0.130761996487279
   0.159923838656931
   0.189085680826582
   0.218247522996234
   0.265692145649990
   0.313136768303746
   0.360581390957502
   0.408026013611258
   0.455470636265014
   0.594153558530234
   0.732836480795454
   0.871519403060674
   1.010202325325894
   1.253102761334013
   1.496003197342132
   1.738903633350251
   1.981804069358371
   2.224704505366490
   2.467604941374609
   2.716753851271553
   2.965902761168496
   3.215051671065440
   3.464200580962384
   3.713349490859328
   3.966671098761963
   4.000000000000000

xs4 = 1.0e+02 *
   1.083010205354827   0.008565940645723
   1.078135615481308   0.008678251837294
   1.073282431211517   0.008781327836306
   1.068451009813215   0.008875730284826
   1.052846022914266   0.009137276828759
   1.037462233426855   0.009334043457239
   1.022301268844726   0.009480145578235
   1.007361553363888   0.009588065570422
   0.978407922039487   0.009722049533096
   0.950287628795438   0.009794456733401
   0.922976036009925   0.009834986592989
   0.896449311286803   0.009857441906766
   0.870684802824944   0.009868767354504
   0.830340556058009   0.009873535169901
   0.791865783202721   0.009871728106084
   0.755173753966767   0.009867801505044
   0.720181852088610   0.009862640248669
   0.686811326690266   0.009856471897550
   0.597627925780209   0.009835664714604
   0.519978970191897   0.009811582743710
   0.452426532321174   0.009784209925533
   0.393658945206403   0.009752930294796
   0.308753085390375   0.009686492152109
   0.242294603524022   0.009603504976161
   0.190151776417574   0.009500275776385
   0.149202282422134   0.009371844884896
   0.117055081136734   0.009212912955335
   0.091833644518000   0.009017953865134
   0.071605505771035   0.008774517448779
   0.055835503499589   0.008480991223476
   0.043537935776356   0.008132112105779
   0.033947828413022   0.007724539055690
   0.026469772628204   0.007257974719942
   0.020548990672046   0.006726597821613
   0.019875672956254   0.006652782339817

========== 5
ts5 =
                   0
   0.004212366438750
   0.008424732877501
   0.012637099316251
   0.026742943460444
   0.040848787604636
   0.054954631748829
   0.069060475893021
   0.097356829908704
   0.125653183924388
   0.153949537940071
   0.182245891955755
   0.210542245971438
   0.255155322245468
   0.299768398519497
   0.344381474793526
   0.388994551067556
   0.433607627341585
   0.572354036368137
   0.711100445394689
   0.849846854421240
   0.988593263447792
   1.232358601175754
   1.476123938903715
   1.719889276631677
   1.963654614359639
   2.207419952087600
   2.451185289815562
   2.700308029676811
   2.949430769538061
   3.198553509399310
   3.447676249260560
   3.696798989121809
   3.950333000781350
   4.203867012440890
   4.457401024100430
   4.710935035759970
   4.964469047419510
   5.000000000000000

xs5 = 1.0e+02 *
   2.945762587202724   0.008443526258588
   2.933397908955405   0.008563147644626
   2.921083865818777   0.008673577999415
   2.908821317906416   0.008775328817578
   2.868098577669871   0.009067252764476
   2.827929585688058   0.009289699423602
   2.788318412748042   0.009457251160483
   2.749261334339904   0.009582938227661
   2.672554298881851   0.009744648497144
   2.597990332822771   0.009834837858477
   2.525507954442977   0.009887149127561
   2.455047605788605   0.009917729605062
   2.386552629579282   0.009934897577772
   2.282422174478971   0.009946142539398
   2.182835295991737   0.009949498926732
   2.087593549499133   0.009950168540080
   1.996507325131962   0.009949447096358
   1.909395358139222   0.009947750350140
   1.661352327436575   0.009940489794532
   1.445400106490004   0.009931415798172
   1.257540741808660   0.009921232883341
   1.094122906939700   0.009909653794092
   0.857399586809417   0.009884803098340
   0.672270483045306   0.009852974334962
   0.527143210926245   0.009812749324003
   0.413266408322938   0.009763325277273
   0.323944363180115   0.009700626556092
   0.253926247744756   0.009621131336337
   0.197998597395565   0.009519141663380
   0.154395957032771   0.009391637437596
   0.120393787110118   0.009233042143769
   0.093877122384491   0.009037269789270
   0.073199756551938   0.008798012648221
   0.056814271301973   0.008503323126096
   0.044084918370631   0.008151153191557
   0.034203984245672   0.007737871203356
   0.026539539281274   0.007263303673128
   0.020594274108824   0.006731456630716
   0.019875660114069   0.006652786608915

